Instancia 1
1 2 4 5 3

Instancia 2
2 1 3

Instancia 3
1 2 3

Instancia 4
2 1 3

Instancia 5
4 3 1 2

Instancia 6
5 3 4 9 2 1 8 6 7 10

Instancia 7
26 18 14 16 13 23 4 7 29 21 2 10 28 12 9 5 1 24 15 25 17 30 3 27 6 22 19 11 8 20

Instancia 8
27 3 4 14 11 13 10 24 15 23 5 25 9 8 1 16 28 19 29 20 6 18 26 2 17 22 12 7 21 30

Instancia 9
5 62 27 86 60 58 12 13 48 72 35 11 33 40 28 24 97 57 23 34 94 36 16 82 91 83 43 81 71 96 75 92 61 66 7 89 74 44 45 41 56 19 32 37 26 67 14 55 39 69 87 4 6 73 49 38 79 1 31 77 52 53 30 50 84 10 80 54 65 59 17 85 88 51 95 29 22 63 100 64 78 2 70 47 15 99 68 46 93 90 42 20 3 18 9 98 8 25 21 76

Instancia 10
1 4 5 3 10 9 2 7 8 6
