Questions 2 and 3 require large, time-consuming entries, so here are some entries ready to make code testing easier:

<< ----------------- QUESTION 02 ---------------------- >>

*test1:
20
15
1
6 7 15 19 0 2 18 6 17 15 16 2 0 4 4

*test2:
10
22
6
4 9 0 2 2 3 6 4 1 0 3 4 8 7 1 9 3 5 4 0 1 5

*test3:
6
5
0
1 2 3 4 5

<< ----------------- QUESTION 03 ---------------------- >>

some ready-made 'games' for testing:

*game1 (starting positions)

-1  0 -1  0 -1  0 -1  0
 0 -1  0 -1  0 -1  0 -1
-1  0 -1  0 -1  0 -1  0
 0  0  0  0  0  0  0  0
 0  0  0  0  0  0  0  0
 0  1  0  1  0  1  0  1
 1  0  1  0  1  0  1  0
 0  1  0  1  0  1  0  1
 
*game2:

 0  0  0  0  0  0  0  0
 0  0  0 -1  0  0  0  0
-1  0  0  0  1  0  1  0
 0  0  0  0  0  0  0  1
-1  0 -1  0  0  0  1  0
 0  0  0  0  0 -1  0 -1
-1  0  1  0  0  0  0  0
 0 -1  0  0  0  0  0 -1

*game3:

 0  0  0  0  0  0  0  0
 0  0  0  0  0  0  0  1
-1  0  1  0  1  0  1  0
 0  0  0  0  0  0  0  1
-1  0  0  0 -1  0  0  0
 0  0  0  0  0 -1  0  1
 0  0 -1  0  0  0  0  0
 0 -1  0  0  0 -1  0 -1
 
 <<<< ----------------------   ------------------------>>>>
